0 0.58359375 0.25859375 0.234765625 0.234375
0 0.93671875 0.45390625 0.1265625 0.1328125
0 0.765625 0.56015625 0.26640625 0.26640625
0 0.553125 0.59453125 0.123828125 0.1234375
0 0.23125 0.871875 0.1767578125 0.1765625
0 0.2046875 0.375 0.29765625 0.29765625
0 0.28828125 0.50546875 0.23359375 0.23359375
1 0.24765625 0.7359375 0.1728515625 0.17265625
0 0.47421875 0.746875 0.184375 0.1841796875
0 0.696875 0.784375 0.107421875 0.1076171875
0 0.57578125 0.86484375 0.193359375 0.193359375
0 0.8875 0.95234375 0.08125 0.08125