0 0.53203125 0.08984375 0.1640625 0.0857421875
0 0.67265625 0.33046875 0.1296875 0.071875
0 0.4125 0.27421875 0.1884765625 0.1880859375
0 0.27265625 0.7515625 0.207421875 0.206640625
2 0.6984375 0.53984375 0.069921875 0.069140625
0 0.3078125 0.49375 0.092578125 0.092578125
0 0.40234375 0.4578125 0.0630859375 0.063671875
0 0.596875 0.45234375 0.0712890625 0.0712890625
2 0.1390625 0.63515625 0.0703125 0.0703125
0 0.22265625 0.66640625 0.1 0.0998046875
0 0.85546875 0.259375 0.2146484375 0.2150390625